7877
1671
5205
1885
4443
4802
9750
1925
993
5984
1284
5914
1545
2753
8336
9450
4756
503
4741
7543
2684
8613
7207
1351
3077
4153
1288
7343
776
136
119
3468
7442
3997
7573
271
1713
3781
1880
146
6452
7071
5586
3042
2541
7921
8574
8436
4999
2422
1429
9298
886
8844
9422
7721
790
5557
1862
5610
1727
3698
2354
7714
137
8269
1343
5548
5041
1927
9664
2277
3859
5707
8339
5958
8751
4819
3464
5647
1711
4768
584
442
9801
6758
2267
2846
851
8986
7941
3776
3282
1758
5828
1301
6456
3954
9124
8041
1686
873
2020
1040
6049
3155
3953
842
9880
7375
4967
4548
1063
7203
6590
5577
7764
4003
8976
6335
3765
3925
916
7520
9381
260
2091
8190
1063
4124
3096
8289
8218
5075
3747
4575
8394
9894
6353
86
2935
2367
8193
1248
8953
7428
4981
8372
812
7842
8750
3260
6966
1864
66
7160
8910
6779
5389
5019
5506
9482
8911
1461
7357
9026
1198
457
7596
2861
208
4704
7039
3779
5369
4058
1027
2369
389
5505
8295
5588
6695
2492
9217
3526
7013
433
6863
138
326
7807
3885
1580
8991
133
7923
5641
6634
1667
78
3769
4094
1958
7464
9625
4639
8337
1418
6551
4170
2675
135
2955
7832
3937
4604
475
4115
9678
5963
9140
5799
8024
7202
3952
6458
5923
3679
649
6659
2230
4765
5192
5723
2107
9995
5161
2882
1668
5202
2562
28
5804
2323
2890
331
5729
1326
9069
440
306
658
8260
2259
961
5012
3794
3967
6280
7291
9798
3791
4389
6345
1724
6732
4450
6545
1244
5694
9826
397
4986
7973
5453
1413
6765
1058
9820
496
4931
5774
1105
4716
1977
6056
7314
4967
5906
2093
7662
1978
1705
2069
7012
7609
7163
3886
1312
9540
1560
5804
4064
7510
451
6354
6795
1672
8781
8422
6401
5036
7270
9451
9507
3644
385
2293
39
3263
3130
6534
1172
8655
8942
1467
7194
9880
1768
7455
4033
6357
9826
3466
2214
9606
6390
2630
2439
6288
3168
2371
2269
5868
150
8720
9188
667
2010
372
9076
1410
5910
2535
3704
8126
182
1871
5851
9801
2188
1667
4191
8866
8199
1648
3151
1067
7881
3785
2403
8982
9756
1543
6850
124
5631
3154
6824
5120
7012
2831
6634
9441
5539
8828
8407
2365
6450
708
6528
5348
2713
1441
7976
3892
8834
3650
3978
3178
827
6344
8540
1208
1243
529
6210
5028
9022
3039
926
4092
2376
2136
7514
9935
5321
8111
5855
5073
4857
5311
4991
4208
5657
6836
9015
8757
2330
7098
5616
6972
335
351
146
516
8695
1028
7423
8740
8057
8196
4617
776
3899
1073
5955
2381
589
9376
4031
2352
9298
568
9629
1007
5364
253
5556
6936
6489
5550
4422
7607
9142
2562
9490
600
7661
5075
5800
5155
3680
792
1270
3294
7007
3953
8816
3179
4694
5560
1149
8944
8121
6849
2675
7279
8189
6382
468
5208
7562
4076
3365
2759
5241
475
2335
7277
2085
1834
470
7867
2067
3675
8851
4293
8761
9412
9587
5673
1428
3108
4445
154
8079
9290
7352
8710
1336
677
4038
8081
1822
2074
3645
4220
4211
3897
212
5303
1530
9168
5979
3020
9808
2057
7191
8547
1846
9222
9980
7333
5387
7994
1393
4561
5961
142
5146
3495
9592
880
6793
3403
8344
2069
289
7922
5274
4980
3701
2735
5593
8107
6319
8057
4351
658
1912
4167
4550
9466
2738
8144
420
8534
1278
4111
9767
355
6936
3945
8620
7079
5487
5120
1867
8108
3739
2325
6878
6583
6406
5362
9501
9566
8093
182
2333
520
2071
5360
815
2164
4407
2228
2366
6552
818
6848
9146
5223
657
2110
6076
4496
9880
4928
2712
2983
3874
9987
2292
1104
3759
2313
5714
7609
4535
684
9625
3817
9748
4086
1786
6433
6983
615
3515
603
9740
5762
4956
7577
2031
4157
8841
9048
4383
637
1255
3775
400
437
11
6045
3011
8813
692
5017
9887
3402
1350
9043
4469
1214
9838
4553
9078
1270
5373
7151
4034
7153
878
2962
1042
3188
7440
617
804
4977
686
3517
5226
79
1748
6858
7232
7846
2533
1692
1055
3498
1811
1438
7550
2538
8994
7503
7532
4680
3078
5020
9865
6252
621
38
7073
2020
7205
2566
9985
9614
9813
3960
122
7863
7250
8507
8532
5700
6157
5064
7115
1452
1769
6921
7759
9981
79
7805
208
9864
6578
930
8066
3214
6317
3400
3355
398
9895
615
8614
9536
303
8373
1841
4084
8293
6683
3645
9187
8118
5295
2621
3471
1198
8186
8479
6008
1130
2294
3181
1170
9462
6724
6870
1520
7337
370
1319
2192
916
5589
2383
4658
6592
1571
1398
5930
3077
6601
2311
4058
3395
2867
3114
3889
9292
1428
3321
3581
239
927
1972
1448
144
6593
9140
770
4263
194
5037
1002
7658
7860
7197
6602
8789
1466
2011
340
4605
1405
3310
8170
2573
2582
2384
8361
1698
5152
511
4595
3905
7986
1918
8885
7832
7038
5173
1095
4901
433
3605
143
2378
1314
825
9138
4215
5904
7923
1152
9524
6549
5644
1129
685
7967
3628
2281
3247
4623
7306
8673
1465
908
7774
5812
3811
2492
2676
354
9886
3385
8733
7055
2529
9340
5621
2162
4198
280
8821
1946
8119
5437
152
237
2366
1297
2683
2346
8018
1409
4005
3180
5062
7000
2540
8655
1347
5294
5591
2523
1091
8468
3181
3327
3204
7696
9785
4464
4509
2672
8201
4827
8273
984
7866
545
5500
3534
9198
594
2123
6595
8298
4372
9680
1155
7414
9181
4547
4535
9281
7704
1987
1041
3500
3040
8709
39
4952
6991
6541
1518
591
27
1514
6818
4484
8811
386
9988
1074
380
9671
3621
6935
9050
3135
937
248
4887
9547
18
2550
8138
91
753
7284
4417
6994
7931
8549
6807
4515
3964
1527
6283
8568
8915
301
9540
6135
1906
5587
386
2436
1028
6868
7345
8835
4264
4285
1379
4512
6657
4395
577
2930
5997
7563